BICLIQUES

BICLIQUE NO RIGUROSO
18844 18843 18845 18846 
18844 18845 
18844 18845 
18836 18844 18845 
10 5 7 8 9 39 
10 9 
635258 725526 725525 725527 725528 725529 725530 
725526 725527 725528 725529 
17141 17140 17144 17145 
17141 17144 
152599 152465 152598 152600 
152599 152600 
152599 152465 152598 152601 152602 
152599 152601 
285535 285536 285537 285538 285539 285540 
285536 285537 285538 285539 
5 9 39 11 13 
5 11 
675365 675364 675366 675367 675368 
675365 675366 675367 

18835 18836 
18835 18836 
18835 18833 
18835 18833 
18835 480478 
18835 480478 
18835 480483 
18835 480483 
18844 18843 18845 
18844 18843 18845 

